[header_original.jpg]
filters=radblur=1,0.476896,0.442438,-1.000000,1.000000;
moddate=0000ba78b7cc0000
width=1296
height=500
textactive=0
[Cópia de header_original.jpg]
filters=radblur=1,0.585004,0.383747,-0.286550,-0.005848;
moddate=00008e83b7cc0000
width=1296
height=500
textactive=0
